4,31,17,73,1,19,63,64,30,7,67,95,80,51,68,65,81,84,92,24,
70,31,69,83,86,47,23,0,35,72,36,98,76,89,48,3,57,22,79,12,
55,78,29,98,48,8,88,51,20,95,35,11,25,40,57,86,18,93,76,68,
29,14,12,19,93,28,3,52,71,23,89,69,20,82,39,33,51,96,16,53,
4,10,15,8,89,52,72,11,19,57,61,30,9,21,54,93,75,46,92,58,
0,97,35,76,4,90,72,5,27,68,2,12,32,95,62,6,78,20,49,15,
96,99,89,85,60,7,83,8,82,90,45,37,48,18,11,27,28,92,41,20,
55,20,93,79,80,37,54,64,26,95,34,62,81,70,12,49,68,76,66,5,
8,63,84,86,43,54,58,55,36,33,53,95,93,14,19,75,83,0,59,97,
70,45,34,30,16,98,46,41,22,12,95,2,21,26,47,50,43,48,36,18,
33,81,83,34,91,47,30,8,0,69,19,68,45,44,82,11,55,79,3,26,
5,96,56,86,15,31,7,74,43,51,29,9,58,21,53,35,38,99,92,60,
44,98,96,68,43,36,61,86,35,20,79,37,15,40,53,69,66,93,8,39,
99,35,62,48,46,83,64,41,88,72,92,43,31,39,79,23,28,21,76,50,
86,67,8,68,15,89,24,73,40,6,50,0,60,55,59,35,96,5,64,9,
33,4,56,7,17,5,98,70,89,32,39,48,36,11,27,44,28,72,80,19,
84,91,45,94,68,28,7,0,69,81,42,96,90,53,77,70,26,56,35,97,
95,28,1,94,62,29,54,22,14,90,91,47,80,99,52,15,10,27,23,59,
81,88,25,8,4,78,91,0,58,9,40,37,55,51,50,24,80,70,93,84,
50,46,92,41,17,29,95,39,98,24,57,86,73,93,32,82,28,79,8,64,
6,45,80,46,38,61,98,78,9,91,65,54,67,21,3,52,97,76,5,43,
95,60,28,56,66,35,24,34,81,38,8,5,44,46,1,50,18,25,45,13,
31,79,0,13,74,30,16,53,97,89,29,91,15,60,17,52,64,92,44,48,
8,37,53,58,25,2,65,31,60,11,73,70,1,62,20,47,81,36,3,54,
51,23,75,72,53,83,9,54,94,55,95,2,15,64,87,39,12,71,34,81,
31,48,7,21,41,92,11,52,54,93,47,86,80,50,27,84,76,65,9,79,
75,72,30,92,18,55,3,15,98,29,5,51,68,4,60,53,77,65,36,35,
17,28,3,52,38,68,24,10,63,79,30,70,33,2,32,12,50,8,37,18,
28,73,31,55,84,40,61,33,23,41,25,38,62,54,93,64,34,71,9,80,
84,33,4,20,98,73,39,96,7,95,5,34,77,16,28,47,87,64,26,93,
90,98,23,83,16,60,14,18,12,77,8,86,68,37,35,28,88,9,59,34,
17,20,10,19,62,57,39,6,36,50,31,43,56,52,49,72,91,21,74,48,
54,79,40,39,89,35,31,12,19,91,98,48,93,78,20,15,66,24,94,81,
94,76,53,23,38,4,28,67,72,58,14,50,15,99,21,31,88,22,95,32,
81,7,5,66,24,68,52,80,26,0,47,20,78,21,84,77,10,95,83,58,
25,80,63,57,90,31,62,58,30,8,23,91,44,73,47,97,68,78,43,92,
9,80,73,81,5,76,35,20,21,15,88,69,77,91,46,68,43,25,45,75,
32,94,14,51,5,91,81,66,28,4,84,33,96,52,76,50,87,30,64,7,
66,4,20,5,42,22,56,99,82,69,26,41,0,61,44,17,83,40,51,12,
46,45,50,39,26,9,18,79,16,91,30,76,47,41,80,48,23,8,55,77,
27,41,45,50,37,98,5,89,86,24,62,33,94,60,78,38,57,8,20,79,
56,53,13,26,58,21,7,6,52,54,64,11,88,55,33,41,46,91,66,29,
19,9,40,35,24,55,44,95,57,53,79,43,75,11,52,34,78,1,68,86,
47,57,48,45,10,93,0,6,59,84,39,90,76,23,46,98,65,27,62,40,
52,96,25,79,68,26,61,97,35,56,13,19,67,14,50,27,16,43,10,74,
67,29,42,35,19,66,97,25,47,6,93,5,15,12,7,13,31,57,16,22,
37,97,45,13,61,40,23,65,6,18,91,36,21,17,66,5,71,83,3,10,
84,57,61,1,47,96,86,22,90,58,66,38,39,92,35,68,30,97,82,41,
18,58,0,28,60,55,25,48,96,80,72,97,90,21,26,74,14,86,95,68,
20,22,66,65,14,43,67,79,61,95,23,8,92,63,42,56,37,30,49,24,
48,35,17,32,73,60,26,18,93,64,63,74,77,86,15,23,67,58,62,69,
82,11,50,84,38,30,56,37,31,83,42,63,66,57,43,65,67,77,40,69,
96,9,69,67,88,35,89,84,62,54,2,92,1,15,16,48,86,3,82,25,
79,29,46,57,1,64,34,48,67,95,58,66,61,11,9,20,96,10,54,35,
93,12,63,47,97,40,56,21,99,34,15,64,58,7,70,85,98,81,92,82,
0,7,8,3,16,84,76,34,42,52,75,85,95,65,62,36,55,83,59,94,
84,95,67,42,14,49,64,27,46,39,51,32,60,70,69,34,41,59,62,0,
76,96,78,52,36,24,27,29,30,54,43,3,33,67,59,2,17,51,21,62,
31,90,76,65,81,24,69,70,7,48,55,49,98,88,47,2,87,27,19,16,
91,10,30,68,16,42,81,39,7,61,76,1,82,64,51,62,65,29,50,36,
2,53,36,35,32,37,3,9,89,8,18,25,58,87,88,19,12,75,0,92,
83,62,8,28,65,13,70,73,77,33,99,82,66,45,60,94,90,15,75,80,
62,14,3,15,56,35,46,78,98,66,63,96,61,95,51,13,19,54,64,48,
75,74,3,18,83,26,84,67,10,89,62,37,7,15,17,44,28,54,11,31,
99,72,89,93,16,38,79,70,46,97,56,13,40,31,94,51,7,63,74,22,
98,3,81,4,8,7,54,28,25,88,26,24,82,18,85,74,35,47,27,99,
35,65,76,96,73,58,78,50,72,63,89,46,41,69,7,43,57,92,8,11,
26,46,83,50,18,69,14,25,11,4,52,91,33,43,15,36,30,71,42,60,
1,67,39,45,83,96,78,30,12,79,64,48,28,25,21,94,29,58,37,20,
93,95,92,89,53,65,39,52,99,66,34,49,13,20,54,70,2,85,63,47,
0,41,27,64,80,51,1,97,31,11,17,25,40,42,93,22,28,55,76,56,
70,59,27,23,61,1,52,10,22,12,82,93,3,92,45,32,24,42,63,48,
98,97,72,3,38,47,74,73,11,88,86,93,34,79,19,49,90,81,78,8,
50,36,79,83,58,8,53,99,56,43,19,23,59,48,62,27,76,61,29,65,
2,97,50,86,76,96,34,1,36,87,14,17,66,61,22,46,18,53,59,52,
82,81,58,16,91,89,51,25,5,71,24,85,77,27,13,94,93,15,67,38,
49,21,77,93,97,39,10,11,40,82,14,88,71,25,83,47,5,51,26,66,
52,46,9,16,22,70,89,96,53,42,44,30,67,31,21,7,4,14,24,38,
42,73,91,64,75,47,17,20,89,53,86,32,24,30,21,31,0,71,77,44,
87,0,97,65,57,63,86,46,36,70,66,90,16,30,12,52,61,68,29,79,
47,73,50,57,98,58,96,64,35,85,91,25,60,17,21,79,61,14,95,65,
67,81,56,32,18,94,50,92,44,78,6,79,69,48,34,30,29,89,24,90,
6,12,68,33,59,44,22,74,17,99,65,73,3,27,4,32,14,93,43,16,
16,26,97,25,36,92,49,79,33,89,48,17,86,81,9,76,23,65,41,94,
40,97,4,73,48,35,33,72,86,95,85,92,63,71,23,99,76,78,12,37,
88,4,11,25,30,21,12,92,78,36,90,51,62,87,54,61,93,9,26,0,
3,73,74,35,30,71,43,28,21,37,56,50,13,34,72,92,54,17,0,31,
67,88,28,55,62,58,31,91,22,98,81,39,51,46,93,30,44,71,74,65,
86,95,60,27,70,39,55,87,17,64,93,59,53,20,12,34,7,78,91,77,
82,27,62,67,64,61,86,71,78,84,85,0,46,11,91,8,16,63,81,44,
83,42,64,95,30,82,37,97,1,33,51,79,20,0,76,36,21,14,63,45,
73,82,18,24,11,28,27,3,26,76,81,20,0,42,60,40,71,1,6,75,
35,61,63,14,36,57,28,37,74,27,77,81,89,66,59,52,49,44,86,91,
96,85,10,55,63,58,3,16,45,97,86,62,51,73,59,89,41,68,91,54,
15,62,12,9,75,1,20,29,69,48,55,50,71,6,45,46,93,60,68,14,
93,6,69,98,50,4,10,70,17,87,26,7,24,90,80,53,66,62,59,22,
96,81,48,83,15,18,93,43,95,34,76,53,70,8,39,41,59,85,64,50,
60,61,1,8,67,17,87,84,11,30,37,9,56,99,86,23,29,38,97,96,
30,33,36,77,43,42,60,28,99,35,87,1,53,34,66,38,14,20,44,64,
67,22,70,23,43,79,5,32,71,84,95,48,13,29,7,56,75,87,10,2,
54,48,25,76,52,1,47,0,30,49,3,81,79,4,32,72,96,78,82,10,
85,5,72,4,12,73,80,52,31,29,6,57,36,49,68,27,83,32,51,70,
15,88,94,91,42,79,44,5,52,99,47,87,12,96,75,0,14,45,32,64,
21,67,39,23,26,98,52,47,30,5,78,15,18,14,48,87,71,54,58,50,
7,80,36,98,46,81,93,89,68,5,6,25,23,2,35,16,64,31,1,12,
81,56,1,15,35,13,65,8,5,14,16,54,62,84,9,29,10,76,4,36,
8,19,1,99,61,47,55,44,20,27,33,74,15,30,77,22,95,35,70,88,
36,48,54,33,78,21,94,5,81,51,26,17,67,41,60,24,74,31,96,79,
36,71,64,94,38,76,44,33,35,21,18,58,97,0,5,75,51,81,9,32,
49,95,36,57,47,92,13,28,64,71,20,5,1,3,89,75,78,34,55,21,
28,91,6,32,92,77,86,35,38,15,7,63,25,24,29,97,1,71,51,59,
17,88,10,96,19,83,86,4,3,21,65,61,64,51,11,50,35,72,40,15,
56,19,30,0,86,9,38,14,2,11,35,43,8,21,49,27,37,54,7,78,
15,14,50,95,36,63,38,32,76,30,2,24,11,18,10,57,65,3,33,0,
11,61,18,28,55,29,38,89,19,87,45,20,70,98,75,72,12,42,80,67,
90,96,95,79,34,28,83,85,43,17,88,12,67,97,54,74,26,30,23,14,
62,71,98,10,28,63,34,27,41,5,49,17,22,52,54,61,0,74,47,94,
60,37,10,22,18,96,99,34,8,86,77,51,55,83,80,66,28,33,63,49,
24,22,58,68,66,25,79,13,2,7,97,12,98,34,6,49,70,55,86,73,
89,88,83,81,92,98,53,33,6,82,8,23,58,44,25,34,97,57,84,60,
69,3,28,42,2,32,66,17,34,92,18,4,45,43,78,51,71,24,99,62,
32,74,1,22,15,53,47,18,99,46,93,31,4,59,89,42,2,91,69,60,
80,8,19,96,31,0,17,81,15,16,69,91,22,43,68,42,37,47,29,46,
5,58,49,65,82,56,64,31,16,86,92,41,83,94,0,21,33,84,88,36,
75,93,25,88,65,39,69,62,29,5,92,91,71,61,59,9,0,60,7,89,
39,34,76,50,32,63,86,35,22,36,68,37,52,4,90,98,16,89,13,3,
52,94,43,8,2,64,10,90,9,16,73,42,35,63,70,93,33,30,34,20,
33,12,44,14,83,64,8,88,53,17,1,79,3,90,11,75,73,69,86,92,
10,56,18,96,40,91,33,92,30,79,71,65,69,93,32,7,73,87,38,39,
47,46,89,12,76,56,20,8,57,51,14,90,84,23,77,88,40,26,35,30,
74,83,64,0,70,45,4,76,12,52,91,98,5,30,51,26,46,69,43,85,
57,60,33,96,29,79,18,59,72,99,75,37,55,30,82,36,65,58,22,27,
40,45,94,5,1,57,14,66,42,4,77,97,33,59,37,15,16,83,23,81,
72,88,53,31,52,25,93,41,45,22,15,30,64,49,85,87,38,84,97,57,
27,54,1,31,7,74,8,42,79,39,43,64,5,36,4,47,29,24,76,44,
18,36,56,5,31,1,51,20,73,63,9,11,96,42,26,29,35,16,67,85,
81,33,13,0,30,40,32,71,37,90,59,46,62,8,89,95,66,86,1,61,
93,42,14,2,20,10,51,21,89,57,4,11,83,72,65,49,5,33,55,79,
26,30,37,90,44,21,1,57,52,23,17,35,6,62,54,93,87,60,96,75,
32,61,22,84,29,7,95,41,65,97,6,36,30,15,74,57,59,24,96,1,
83,48,2,30,4,63,6,8,94,29,64,37,51,69,85,34,73,79,96,99,
26,21,80,15,5,17,30,10,19,74,72,28,52,6,41,92,33,9,90,13,
22,87,95,85,34,47,91,17,77,92,89,39,43,31,3,50,97,67,9,6,
90,0,81,32,30,28,36,14,26,12,73,55,11,15,69,82,18,62,71,17,
31,16,68,79,97,74,13,48,70,38,80,95,57,42,21,35,33,11,55,83,
72,3,65,62,8,92,10,83,4,30,44,27,93,28,55,58,46,79,38,9,
51,24,81,20,97,28,1,22,77,27,33,91,95,40,53,72,70,89,14,39,
90,62,57,31,35,80,73,67,36,17,63,79,52,1,97,81,6,16,13,9,
0,26,51,46,44,2,48,17,20,82,77,72,3,80,40,55,21,23,86,49,
61,3,72,2,29,74,55,47,59,98,97,30,86,67,51,34,22,62,20,71,
80,74,44,50,30,0,42,5,14,83,38,60,89,85,41,77,10,54,81,27,
81,14,93,24,69,50,5,27,86,19,41,57,35,38,9,84,59,52,70,63,
71,22,50,85,73,26,82,80,61,97,45,92,9,59,55,23,79,25,75,29,
11,46,84,0,48,49,3,19,62,57,78,37,63,38,58,64,93,74,53,91,
49,10,36,48,67,78,77,22,53,6,59,82,34,68,84,46,69,23,1,63,
78,63,8,16,45,43,94,74,86,71,23,57,41,76,87,6,90,47,84,50,
69,18,50,90,0,47,14,77,62,49,65,66,94,36,79,53,26,13,57,15,
85,84,92,86,55,2,78,88,82,57,52,80,91,3,74,87,8,90,7,59,
62,82,20,83,58,66,47,15,87,39,36,68,9,73,2,72,79,99,31,29,
72,4,69,95,81,36,77,39,56,6,63,1,18,91,96,52,32,59,31,93,
28,31,19,69,73,60,68,5,46,92,23,61,42,24,52,25,9,33,48,8,
48,91,76,88,57,70,31,96,17,86,85,73,45,33,94,60,36,61,62,8,
62,26,16,34,13,40,88,92,89,8,84,6,43,22,59,75,86,93,47,98,
74,8,70,6,30,82,39,83,54,50,94,26,44,80,58,78,67,22,45,60,
75,32,3,18,76,74,53,6,97,51,0,30,89,34,20,80,54,91,22,73,
17,2,82,62,21,48,0,83,76,90,31,38,81,25,28,49,9,85,79,54,
64,1,67,26,33,85,8,78,69,77,86,34,48,93,99,17,80,19,20,30,
73,81,39,37,75,40,16,34,13,10,66,87,44,74,43,3,70,51,65,9,
33,88,25,0,34,7,20,39,84,49,40,3,23,85,28,35,10,59,90,80,
29,66,18,91,16,27,58,47,85,19,62,92,11,87,49,95,21,34,99,76,
16,41,97,95,50,32,94,77,92,57,46,60,38,45,82,49,68,99,26,23,
52,61,79,67,73,25,68,76,15,47,99,21,55,80,22,5,40,14,74,62,
27,10,2,14,35,29,69,98,99,85,7,89,79,84,30,16,82,6,34,13,
62,46,40,80,13,16,89,28,36,51,63,23,17,98,18,10,38,43,1,74,
67,78,81,79,68,23,18,39,83,3,58,94,27,69,71,37,92,51,50,34,
73,63,50,69,87,1,27,17,44,43,95,31,55,12,41,79,99,91,88,49,
85,39,72,24,42,57,30,91,13,71,9,16,80,37,65,74,17,83,82,79,
47,68,99,52,77,30,8,82,44,49,93,90,19,18,34,73,70,32,42,95,
76,15,13,12,73,8,74,35,37,10,97,93,24,50,60,45,30,99,3,84,
24,37,95,85,27,72,21,70,80,54,7,78,36,40,82,86,5,55,44,65,
13,78,57,54,1,20,9,38,79,11,25,3,47,34,91,29,23,74,85,31,
89,32,59,2,92,67,99,29,42,94,9,52,84,46,10,75,65,96,24,69,
92,82,29,64,73,88,48,91,13,42,10,18,15,90,47,93,79,28,66,45,
20,86,15,46,50,57,58,54,25,78,29,53,61,49,3,70,65,60,14,92,
41,73,56,74,57,71,86,3,40,67,84,51,14,6,94,1,80,20,11,37,
19,43,2,0,1,29,63,52,26,65,32,97,22,79,75,56,42,71,48,24,
10,12,4,88,22,50,38,70,18,41,23,66,19,8,52,89,98,61,86,75,
32,43,71,96,31,14,69,3,56,82,18,30,8,70,12,74,53,16,50,81,
49,58,46,33,50,26,29,12,42,18,39,79,45,2,48,67,87,32,38,40,
31,74,99,12,13,98,60,65,52,64,21,22,80,25,3,84,62,44,71,69,
62,39,92,33,28,46,47,88,53,20,51,22,60,94,19,18,68,90,89,5,
33,70,0,94,71,43,3,65,20,54,99,82,41,96,86,47,62,44,78,56,
51,40,24,70,96,62,20,88,75,57,93,38,99,89,31,85,58,53,52,98,
82,91,34,12,1,70,73,65,97,67,62,13,89,21,51,49,68,80,15,78,
88,41,87,9,0,71,86,33,68,6,97,40,2,38,43,7,1,83,72,53,
80,13,8,24,53,0,72,85,37,40,14,73,11,77,35,97,88,86,57,30,
80,57,45,95,17,99,48,49,70,52,85,92,31,5,8,0,9,81,47,93,
11,54,14,15,78,95,67,89,80,64,48,44,5,84,20,96,25,43,29,93,
69,56,34,70,39,27,65,54,17,64,12,33,92,85,99,67,21,79,89,76,
30,34,63,70,85,88,18,73,12,68,17,58,47,65,55,98,16,2,19,60,
