1478.1778683662415
2560.2628076076508
3462.9211671352386
4931.686702013016
6602.706769227982
8321.000585794449
9430.332571983337
10086.160118818283
10945.163120508194
12259.182096004486
13369.82706451416
14432.843919038773
15091.036934375763
15547.363038301468
17016.93369293213
18322.276361227036
18777.190737485886
20090.676369667053
21153.71441078186
21810.556164741516
22919.85532808304
24227.91066455841
25289.771324157715
26595.118480205536
27658.062256336212
28517.23318171501
29583.039702892303
31309.74911212921
31764.512091636658
32826.27086853981
34337.73159480095
35602.34721469879
36662.70962667465
37971.17186832428
39436.37461018562
39890.55904150009
40951.6623005867
41808.22897553444
43274.34371495247
44382.289603710175
45288.455502033234
46349.44655442238
47409.33425807953
48267.64299964905
49329.10198044777
51203.557040929794
53074.084537267685
53527.588060855865
54384.64959168434
55729.04787373543
56587.7410197258
57000.87539315224
58262.751864910126
59323.99498295784
60181.81043243408
61242.22050309181
61694.578850746155
62801.75150990486
63903.198966264725
64761.255205631256
66429.69468092918
67085.27815747261
68145.26319813728
69617.01400637627
70474.927308321
71799.61828517914
72457.89239239693
73519.33621096611
74417.89736199379
75075.40732169151
76176.47584843636
77682.33288216591
78539.4630317688
79195.27793002129
80457.42938947678
81519.60891747475
82579.95049357414
84287.14252018929
85348.51140522957
86043.20598053932
86702.01131892204
87358.03468871117
89120.80794477463
89978.48085021973
90635.18782615662
91937.99612879753
92998.56832098961
93413.82119989395
94272.57613801956
95132.12875437737
96234.97128224373
97934.05243253708
98303.55939531326
98999.82516741753
100465.96129727364
101932.1459941864
102588.37451529503
103852.20564126968
104509.7345559597
105975.10701394081
107082.89795732498
107940.17371821404
109000.29928302765
110262.63741827011
112025.39802479744
114182.43005418777
115491.70381832123
116351.26692080498
117414.73629307747
118680.8515996933
119741.12925076485
121474.00059747696
123345.11681008339
125296.3984348774
126357.01758956909
127256.85488772392
128317.47589588165
129176.42228865623
130681.59498667717
131337.7593691349
132601.427110672
133864.3026382923
135329.93860197067
136187.7316043377
137092.9487709999
138156.57273578644
139506.38470554352
141012.744815588
141709.74086523056
142772.09766054153
143629.5648100376
144083.72423386574
145549.53136849403
146003.36357021332
147314.21496844292
148780.7769794464
149638.88253211975
151307.64531040192
152368.99210953712
153631.3036301136
154529.74676275253
156453.63395547867
157537.9247083664
159092.2422733307
159991.25617694855
161051.07895565033
162111.35199213028
163377.2084724903
164882.45283412933
165740.3032722473
166599.186429739
167658.36372685432
168313.47102355957
169170.8050377369
170230.96023964882
171089.66202044487
172217.8094854355
173076.1738743782
173933.4923503399
174791.16664505005
176055.0426352024
176508.35427832603
177568.64439225197
178223.01432609558
179486.07871890068
180632.43809199333
181691.86555743217
182754.17944931984
184017.49763965607
185078.7857992649
185530.68195080757
186640.334628582
188106.5029051304
189612.4891052246
190268.39002394676
190924.71585655212
191985.5431511402
192641.95804023743
194107.14219665527
194965.80810451508
196478.01088428497
197336.65349006653
198196.05332446098
199054.09248542786
200366.64328360558
201711.00503110886
203426.3272984028
204730.29370975494
205386.41760706902
206447.29153299332
207551.0657811165
208206.97302389145
208659.86403036118
209720.63483667374
210983.74132752419
212334.9551844597
213396.13507795334
214457.1443836689
215114.18143963814
216425.94456911087
